1000000
786321 134521
696834 98245
135991 549478
44723 265931
698410 385074
605706 520899
462258 656850
807101 778785
400066 73310
51236 774849
73567 396244
131311 706500
460661 848448
516872 565515
527941 319687
798741 997522
271929 192591
911577 210982
791065 737806
687418 74244
392085 820718
652701 787472
753794 949786
163885 920239
410914 167848
420667 443969
289052 39203
364160 479678
673290 368819
553341 507436
686513 37739
759235 691066
923788 334896
442703 249149
718529 729473
465869 687428
176437 893030
542717 915289
660219 185529
498675 652631
718695 122891
456696 493987
284865 831413
191310 592008
846741 578557
680145 166323
972520 45921
604345 230408
464517 88451
400956 84894
385012 160560
186577 533086
159564 260942
877646 425843
390048 591970
473203 374638
317973 314236
166527 837434
580884 860416
202304 331318
833434 793361
621929 348276
316140 981083
67035 520078
92776 175741
58054 991776
373239 526354
878505 789861
6879 351515
924149 118833
562613 286730
251983 247560
102832 801837
607669 874970
669848 852213
616632 29724
964764 407907
932967 442244
610819 751246
253708 284065
808187 268947
802192 17108
654094 793817
780729 596847
461938 618431
510420 642792
529407 58277
847022 865209
328763 622036
563644 506904
722321 49163
158042 254670
275489 578535
242288 871159
848752 249070
671601 871381
507072 183992
507197 511696
807099 951098
858983 501646
906057 113584
793488 422251
759169 32422
681586 856085
228667 831780
205561 874759
758148 863092
485259 109536
252267 991825
174825 319583
962104 763118
280749 315774
874300 370463
372915 293224
61956 974248
265876 725399
18663 244385
384142 461262
701503 129538
762047 996144
615988 366801
30416 574716
477172 947365
149871 640358
423039 173461
984756 192274
791646 691011
606693 260591
263987 700862
364181 472558
223084 83800
682855 601054
992785 327814
956848 503462
197885 472557
905274 188446
511146 357455
621733 921226
811173 397009
659689 999283
535968 46504
610166 783844
375590 237792
165180 588734
859945 137481
826695 946424
513335 582078
507714 894007
367627 362899
119196 552134
83776 520282
57735 953394
820513 356626
203293 264261
814939 851437
971165 197789
193684 128061
309076 679336
751380 226874
45719 597630
955809 665906
348652 200154
718954 496717
603721 779638
998041 665340
831732 812227
690955 184190
350025 400322
522332 639759
596954 971202
729499 306989
185393 453110
848157 230088
749488 545778
143085 699973
356186 264834
835041 106159
315626 64231
770055 641403
410657 768623
92031 557046
472861 345200
90018 670541
595941 127904
388832 704376
908161 717076
286376 283012
640454 771603
414400 896701
131760 860311
112692 662324
728167 124063
417771 641394
613092 911732
171413 679033
388525 674678
221632 81331
101308 342049
618634 756922
494270 540514
731633 554307
197303 570256
863878 181416
109250 608969
179392 476432
797686 258218
97005 165948
199717 199146
474819 773297
120318 195091
770645 954942
52114 46430
630753 707625
330932 978347
862534 859514
922297 773274
199699 536227
231582 517321
720890 130570
106249 767402
395235 734773
519080 752127
490205 440081
256950 482997
961391 60447
868252 103643
442125 332540
240116 256189
483686 480075
788648 338401
275098 534785
317561 353181
84233 509964
837212 554451
697159 277409
587134 271499
69419 199777
946025 989355
497542 490471
154942 121685
663217 87152
341602 946013
657344 478887
975094 922022
279763 802829
282814 117656
216970 706498
700387 534335
159768 120178
848467 316099
376625 760095
855494 611904
21085 80646
28956 543937
600111 680433
364770 12702
798862 444185
543028 522479
905586 956469
107068 568492
790443 87459
103768 747043
765083 876210
784666 434644
548548 754634
526249 819244
880764 128888
411460 935005
618045 853978
985959 566934
790745 199011
947014 657380
967178 776460
332342 32869
935656 764888
966187 588004
162547 37057
453084 262870
810896 26372
664003 264880
121105 767366
220672 163171
928749 865826
876573 534965
681679 906640
211180 151293
421001 190771
920589 460219
534569 908031
200780 261842
495076 884996
897127 408098
92975 825180
906861 696774
607917 121389
135169 842855
436483 388444
954110 410235
174791 803535
991413 873566
785174 395356
342929 375115
302916 609171
107100 700599
432815 583076
130970 750666
759532 76719
704467 541114
555107 395111
236654 243910
346807 621409
695033 781709
218653 218751
215558 840392
812302 806387
42287 287914
523415 228338
625721 673939
356430 796984
937814 49515
363999 637041
310212 958945
423300 195659
528852 774400
662099 104918
199045 754987
375985 143124
527631 963317
725412 542179
675451 452127
259015 252676
40559 905839
692566 583751
530120 924137
707817 822997
317920 209645
866942 947289
249583 249325
250991 959628
699533 275592
81858 74589
486613 235464
998879 329529
615653 38645
980508 804604
628163 386196
435956 262772
232922 601983
604823 681037
633826 208162
170267 29407
871645 2319
307088 650385
17981 829439
486512 939624
854179 805734
621621 362608
843778 570481
138693 56005
587362 376735
603913 197694
904001 464953
349403 761015
298899 645232
665694 638138
825962 421713
77351 237386
244658 323111
342360 884171
234835 680365
141582 229649
714937 363822
298800 746499
376752 158843
357800 557931
8040 524296
505326 573022
959832 236260
364800 767234
10111 615764
537390 385345
641798 13707
825681 261449
820034 315399
665308 18493
661397 376906
108746 791931
484596 971891
548727 12682
864835 936250
195595 927328
890524 983109
470161 428302
857454 616617
332709 620105
27714 653696
244620 377622
502425 84515
25182 180113
73266 961604
737566 508825
681511 796267
768426 317468
513463 375179
598541 686778
880287 274880
181106 720344
199329 694248
281716 707588
133158 555227
275920 684864
579839 238984
768380 200045
633927 100653
776785 653717
144613 506866
931427 853013
250158 783971
773297 539941
488231 817416
298104 854982
360487 657763
360290 358919
671963 127558
866652 124531
391524 264590
608453 770842
924379 819264
33089 618875
793396 967742
884782 711115
664960 136869
532911 72804
698764 322631
490211 385101
956967 280256
633402 393186
505025 876663
465374 381664
921263 725107
42060 397711
725004 504727
784902 902540
593657 740027
963489 362226
707140 170857
451321 1765
348070 167985
151941 782138
237223 429033
423237 540806
892444 346885
278744 287170
608720 390287
984426 939864
534785 949891
155018 459980
570305 917577
448985 284170
908094 284367
934878 993544
832091 469378
856503 33047
287292 811690
59434 780236
567393 783008
457754 509701
526186 497068
380501 425946
801337 755071
487434 920674
422516 590409
454552 30815
776105 382328
208641 101383
886221 335183
678653 481968
345757 913950
833195 905687
985958 356
447842 780492
775071 404733
52966 919038
220852 993673
634359 871711
625118 248988
368963 21107
30829 252251
708923 777146
558503 551737
681410 163640
292874 179662
228354 185630
910318 483345
796633 936278
543175 950834
36849 631472
431558 678295
222766 509348
195102 167920
823040 733763
2660 986169
200152 63679
975 72844
169782 255443
249567 696800
231777 736592
116443 550690
321009 891590
665266 690606
236038 425099
285891 560490
151579 739115
261112 874623
432308 216748
737741 361525
163893 355516
140719 839018
144461 844601
530303 139567
297999 409565
417269 863231
658657 666053
766050 163357
610061 425308
608654 645577
524533 147496
360127 639134
596899 850225
763291 20683
315647 417737
176229 882028
371673 268989
275299 203972
950054 674582
308832 131033
254600 464332
229453 434413
313222 953608
632387 586516
144283 963924
10660 635767
562154 55970
284831 38819
618703 651638
754001 817102
439888 431152
596105 837033
276466 946042
352676 221915
424168 772298
544087 629023
120678 793108
254604 293563
781333 362192
852131 994971
978399 984483
346585 163595
33385 836653
595718 456014
563169 632558
312384 771229
112428 568149
536797 177855
124098 604519
35350 195073
614934 95752
626696 169939
496877 664746
473940 974143
61712 473295
919653 903878
49693 719740
327569 534681
399671 480252
288217 295153
590301 926093
326283 607563
463640 890284
536455 622084
784526 621816
643934 622092
377076 26309
884246 515978
864545 997248
279370 507596
726973 68474
149486 751081
219032 477843
770864 386166
473751 289156
448507 688225
699913 734088
796373 631981
539928 679144
718568 138378
191770 774434
5726 331472
645063 228981
943205 600408
97541 572556
2898 644855
31328 635460
273506 847192
643285 822428
149595 217013
441549 382648
650961 895858
779175 280210
255236 536854
90478 483262
678567 571814
404394 183063
108411 167776
671890 627019
728154 725265
480991 94529
209872 742483
648315 296674
19684 722663
763096 583883
14772 891051
622494 703693
609086 577016
831804 960799
526843 676314
364384 876577
379493 537133
635905 83661
242202 423376
877209 487356
970969 400457
233521 322515
843816 218805
289812 509512
858264 457066
942181 927252
645856 691051
422669 974775
494759 858439
425036 344099
568286 167950
183217 375942
896713 66993
938404 238647
496157 306613
759201 38588
4485 984339
601855 499062
69695 478448
275182 443754
598691 856308
81728 571436
377348 763785
59102 57194
510959 272690
736475 530770
521104 497349
56677 455713
171700 175303
503319 272201
30377 508322
834028 781566
451650 932997
458895 853214
263095 890520
374158 326971
252073 899483
141036 32326
317442 181530
280661 488345
296315 946895
720620 748320
41079 47188
344769 917605
549453 979331
517278 547576
513059 870188
122688 750775
231861 367346
925091 496063
854453 496834
756470 885295
195341 844337
600558 729814
291776 878193
958199 193529
321518 758192
555140 855874
255862 31054
273735 612359
390390 802296
635069 550262
555437 314982
828961 115483
946434 216237
558720 261070
966366 479425
247916 752188
215412 987915
994698 987920
950304 169187
253063 22909
830125 707179
43303 82858
452017 835463
253246 647483
949523 351100
975031 747769
991469 682404
335825 633565
163020 226443
471338 936638
520404 939882
471156 488916
109761 438654
321604 767976
295496 596867
524041 881242
771227 159954
426969 128974
971660 897428
629095 12213
362825 325474
346001 504307
573637 859515
7446 863346
431992 515937
175653 508867
457148 568784
965904 540332
944984 288924
457311 589266
857306 72294
361729 748164
47581 438970
90334 112545
805803 310344
835272 975976
868155 167677
382223 439386
480795 882174
407731 875278
332585 510401
195060 927377
491131 12488
291974 416823
740959 668218
512289 437443
740412 662687
943092 225838
17239 282487
641529 265687
364594 96248
301668 682056
2574 759971
491573 874017
372946 749314
160941 656228
251012 390336
438301 37916
462643 580964
275225 615338
714871 582316
225036 925805
736465 93442
800869 493517
696172 554717
983087 26917
460613 690039
375615 834891
295846 648166
646342 204477
610893 822682
261574 46313
24812 437746
466594 266968
838922 783803
523790 930105
147079 443781
167269 91526
472124 641124
658457 403925
698049 791872
629444 364221
501768 508313
548126 484451
358566 794716
470984 781920
153650 357658
59012 302928
515398 991531
846024 120314
132323 109150
152615 953367
225073 577755
149679 666753
589411 93848
581522 241273
424057 260532
627772 979221
929951 860979
14083 198596
237555 374231
819581 399423
973540 70487
756843 746383
465077 73535
974162 41141
533281 179875
876394 933113
443865 66241
824816 697234
863721 135346
64278 366382
473528 8525
209498 356256
254830 333017
151604 136292
911152 65836
970409 670415
279878 967396
488829 32727
282270 852225
57349 343740
107434 185374
663643 402579
566244 600394
39594 119469
354161 214663
177768 425320
271907 657054
979748 12690
849753 58077
466165 992437
600833 838895
924690 916419
711294 144726
393216 991839
594853 195271
947750 88517
462240 527074
308220 3224
590389 56844
868578 70919
171425 970347
456589 863386
952222 185341
870172 692255
539012 429525
159561 425323
961100 850036
257018 240527
369327 269184
361783 609049
248045 510691
647415 221892
592233 968515
660115 824765
342769 663769
847836 289554
598108 74864
978440 682489
453900 743932
178759 825019
620179 285077
359859 839356
281906 284495
69990 299495
206205 159926
172775 539322
586778 709611
286588 951851
291880 835606
642851 226102
529340 858310
53083 664708
342918 633517
534941 823993
907794 722161
823976 766874
455787 430768
492538 101337
53018 177939
147674 326975
835660 83469
462098 314037
666257 973937
605499 290287
99904 754158
930160 722358
346617 315496
665828 295504
278147 3571
158800 409421
107731 680750
136837 985521
434670 187578
214495 193785
926437 960598
951642 117004
828736 437849
431230 563968
746998 711050
41206 183813
327575 503007
89151 418226
230924 504977
514620 511274
663863 167896
644134 122986
431796 603976
998112 862451
339137 310088
521960 703694
720634 720234
44778 447937
171004 764076
360686 385804
718060 633546
285234 72992
232912 822654
670163 507421
487642 33750
653348 39814
888070 594223
390433 804804
817433 16979
899006 990483
278024 313325
453976 830093
110267 285541
743181 466641
884646 794012
540071 241232
804759 640453
831795 392884
631695 372190
795824 736685
124039 549387
685731 301145
758996 969037
403208 800398
506404 389923
379682 767175
509224 818813
937075 743402
70284 126489
712200 356530
779233 112957
872876 646718
753628 405263
193021 436597
268856 707156
827611 452244
111158 814787
388476 881813
313349 129669
905692 586301
105212 374604
940306 189443
213635 210701
709182 300056
391058 362523
339615 573399
785617 924066
446913 166923
138335 634620
6675 840023
77615 274867
982550 676230
300236 408852
433458 585648
529533 805612
303459 504773
768195 426018
715472 558521
191295 794737
999164 337868
366128 267584
987541 528629
549338 976543
714090 780586
888131 1120
229114 266063
166296 430672
412967 249208
735468 180433
441290 665053
236704 943573
563872 323673
728797 740025
751969 33310
123390 881787
573041 646778
263563 817562
54192 938302
509025 530249
184876 164496
773741 393935
351542 324495
758295 733310
785426 420894
235771 131981
682952 563344
863378 456212
595607 970862
404463 510564
49929 930535
560230 792449
215714 102101
322759 250942
365298 390760
299720 516787
281162 186417
534016 778140
185163 593229
859728 901457
2585 121452
209372 219998
498351 33853
316471 554622
75725 479288
915101 986617
11084 840583
704025 720791
579345 22226
502151 122815
22560 292645
92148 802417
605704 446912
287073 339165
538812 424252
298471 761950
162626 582869
835508 3414
977412 57496
830707 471782
564229 237418
207882 430474
813933 137330
237757 166352
336453 8932
366831 888435
418238 967979
740553 280
919019 932018
706099 719588
178063 465424
39936 859192
308753 189966
577062 241482
259980 267925
817642 253409
778755 352249
948442 424813
294129 754588
465204 643520
797759 757440
243429 143661
739471 4909
964587 449852
598261 747515
675867 155526
513286 188989
455999 925427
899912 263242
282327 437710
712713 560681
717760 488834
156747 834008
149235 368500
39196 258425
693284 475516
285700 603802
835018 551553
671448 468063
176254 811119
607340 996750
746621 607256
536486 397559
223496 175716
38893 842430
944747 555318
659391 857095
983002 76574
799778 958844
564278 517428
21170 284222
82159 316695
38105 205542
201412 236546
655709 227766
537127 309639
661588 674657
937852 756716
199666 122355
241279 783903
905283 114462
855556 456726
955508 470435
382490 864519
581451 355097
722953 632321
123447 753245
548347 308518
351170 992343
362999 283013
216482 154852
78856 981848
870959 836133
986620 646423
362096 498915
725896 412215
76622 293086
799945 416450
665322 528689
987749 521044
924874 267555
311952 236975
525678 970316
4779 29244
670849 37409
975622 86943
423915 530463
374086 669365
381571 584401
233186 54445
695458 67773
776775 692928
374547 626545
38556 325326
550502 777573
546528 600854
194660 741517
712622 352658
466524 468286
621154 430125
439900 927802
825238 459170
392635 674266
630406 529906
241043 464535
696466 510785
190605 568948
570977 410830
148181 758796
456417 517198
693932 629491
536109 841763
987419 206860
788360 973758
60677 184551
552070 147086
573206 375572
909962 999971
917208 402121
524010 715428
164068 709675
688687 147945
203957 546940
92856 572342
278744 382306
628029 705173
511 723536
958065 303375
775157 178131
376449 986886
330221 515195
521914 315250
976179 991396
112967 708854
659268 153120
70871 148638
972729 277954
972701 643832
909277 580362
591409 175436
810720 728040
115284 703865
120549 345903
525073 89517
610678 740183
644414 249472
290263 603055
426594 275310
724152 249949
273457 963823
504259 11475
335730 917685
2454 291152
236481 417089
936267 805712
827249 931619
435058 183506
583433 97676
446368 648772
909295 428945
153184 182540
438243 726270
281608 19765
439202 651925
899303 937908
684970 186786
920795 299671
466013 318268
666367 296777
914047 45594
963585 484036
694426 106959
246097 911507
698945 727779
15157 376771
448241 470608
272249 66470
109587 236310
455812 681731
936286 938427
957767 571677
377305 747619
940558 66462
210750 415815
501625 415520
323578 904661
335172 443480
697297 864228
670657 15200
812703 223250
837864 359200
75705 339069
841157 179160
432946 774106
827407 709132
993465 518965
368729 134219
87392 332357
271649 276958
280759 320491
308742 795786
282775 897607
212759 466626
671419 658679
121799 285613
39560 220078
814204 960783
317741 290028
788486 535062
289253 826847
609325 420740
767065 517078
685603 330675
882979 255710
418008 799434
579374 47675
838317 920891
910585 118597
235328 717237
973946 814812
53670 397357
377951 722441
8310 814533
389807 354930
306370 846102
53904 462073
566433 402591
830625 663475
438248 130377
893511 917568
514039 28822
372550 509516
87087 321446
971589 509729
812865 464614
721844 378790
61154 719509
487497 119160
928730 643956
260837 503907
186172 6346
816598 829564
619568 581649
495541 604703
457260 794944
275568 720193
616257 470454
845858 993841
43282 42304
923102 803248
796255 363719
728523 864425
929663 123737
408553 793358
234476 687506
654962 166993
408952 431079
723867 335612
82142 922382
86585 2094
52020 872653
867265 482227
677436 862366
437352 35774
688473 547388
890473 235973
297822 647374
488293 758458
246082 342188
390692 485409
543536 696018
183673 920850
379707 508448
55300 329613
49135 193739
587090 784181
489986 966308
913695 960555
592234 741507
237179 96840
768840 444496
24969 868982
437057 743405
564900 272236
378094 355331
663133 150980
503913 277672
481056 17402
416392 421866
651381 495747
385958 260923
820770 58567
460572 16440
612141 705469
278159 97560
130366 55010
437411 517166
142691 195862
269710 320218
322222 532563
210887 362258
928569 637770
32541 587016
207818 528924
784611 503225
427857 175218
967817 512978
134030 693625
389318 972478
179279 768957
991537 405264
424599 214817
247471 707338
778779 905273
543943 339080
542694 404484
990610 166476
184476 857353
816718 910567
803675 851404
634257 22272
209021 909933
518938 749764
804218 723166
507715 397482
123691 517375
547986 358817
770217 546648
788015 790617
653460 899378
188913 502123
191663 302290
121425 242278
816873 710291
532480 112823
10422 857055
834644 55860
778332 982154
87837 302853
177290 577547
969558 395439
334690 878999
261560 919359
114264 347995
833896 584079
775410 466582
597712 158008
716655 116114
36618 282004
21572 604477
260089 527918
110657 339688
809714 113481
666195 561115
220568 34057
47778 981138
206598 570242
598490 245017
468260 966428
815944 231999
654365 879392
702234 226490
289895 636001
492553 94039
376129 227657
432466 595932
67387 195327
35295 174652
755375 522546
638725 460085
769997 567877
153703 61770
232596 823575
447031 190936
88349 942381
443292 119704
254545 261311
921904 745520
688507 37724
801696 421557
983416 430586
724471 769986
953803 377694
572276 738926
340557 988196
923671 951340
854018 950636
913787 963012
801158 570017
179421 531306
805734 35367
698554 330680
258955 233248
227799 342989
211280 457308
861786 174785
561589 262811
743638 663172
864109 167999
58532 529426
823122 429203
719084 126165
449785 510834
894083 930071
413855 921877
470766 933217
835202 708093
344901 324533
309708 326329
861875 149605
319722 208276
970458 552783
534396 372767
775443 409141
997413 797079
75027 106877
35009 21106
890089 476290
751350 211595
935140 284052
698467 160423
669969 641107
339446 26787
588897 573475
139482 868348
586025 872780
588045 380731
730372 901873
344463 810939
693075 474347
767670 416024
174117 688834
462111 384630
399345 889543
934399 557163
943168 771729
251991 274954
848424 596818
786758 656077
169970 53077
995640 768926
554269 716246
762684 921602
776508 986365
309236 414370
374714 117753
92133 193400
126334 519222
578927 693906
991017 317882
429654 605958
570684 450849
173886 853683
923223 187315
122037 170415
520092 249631
804523 546322
629490 555543
423421 176030
747494 280199
266990 995658
386347 342195
782262 370986
650434 985132
245237 250108
575733 23150
505280 570385
783165 401881
711260 748117
465859 420362
780361 96829
244931 432854
334069 755981
886541 882274
602386 271940
628326 210658
74881 274468
548043 733292
229869 634337
630165 477432
455669 40294
869048 429815
227137 425086
413285 458956
528886 416294
265296 211499
513860 725164
380876 961549
449436 275203
723409 775309
521023 580199
271712 70178
700850 162599
183997 691897
228430 892820
43227 965935
151283 245316
312662 490024
473309 101955
797402 767247
574799 457751
445729 582634
191979 165999
816921 658392
817891 858727
576995 771562
735882 985274
36088 945628
265668 275205
739686 488687
122332 439860
533560 351076
769588 314699
569268 204694
162967 340755
105278 875893
636139 180191
789658 553691
186114 176058
263503 446604
353871 681263
632487 829135
951413 231475
955090 119459
31675 795571
697258 908512
58588 6326
408401 497452
405627 408815
980022 173270
88564 413922
366519 173714
392462 972336
811872 364113
407500 198593
902546 408573
498851 569164
915327 608270
757957 79686
860178 717260
472476 500645
694507 455265
82834 645071
827720 76570
325965 309924
13887 783162
154148 255655
278715 806460
224831 875223
805666 896783
236664 198918
622717 372195
219061 147858
295612 905918
23333 394460
147306 354729
787278 589264
408134 756034
574002 189506
640514 479277
445789 163252
427863 771943
372494 541236
868483 848634
540991 606370
630368 485069
425043 844048
553122 109651
236444 537602
295341 701348
363910 234388
335569 671976
728419 694651
340259 746287
301267 969059
341305 778078
734991 896824
881089 814853
415762 228161
464383 108428
462886 804262
357153 653834
304199 311890
53888 589176
866869 330227
561717 323258
780315 169950
367190 303133
646359 861648
841612 875935
258022 557904
528338 605991
963053 993392
601484 864853
310630 880369
74881 870132
487269 263046
735415 335500
54534 514353
926250 991572
906870 875914
118632 196933
839514 72607
210828 941258
814047 314292
867797 660116
164255 654827
507874 932617
176493 965567
873228 246236
399869 218538
276320 911736
596851 538663
90935 912854
203782 265298
286644 552238
45841 394987
835034 452489
386550 590905
45704 165237
542639 364875
325777 235218
934898 623833
533436 653962
993216 380746
779093 20894
663435 865423
799982 317595
212226 499052
812342 257259
327354 131415
258611 860295
2106 158841
420063 374026
490339 799249
57053 977953
946170 816376
703766 327839
769940 436927
89076 605869
414493 690292
427643 357023
982596 300804
491199 530401
946567 530618
268998 416656
352662 157093
606458 636261
540903 599064
543242 352268
203413 992587
350623 807507
190581 310303
388983 679037
399288 551103
338143 770295
69622 54050
110993 213730
56221 996781
127591 900623
362741 913844
353083 276937
241935 106977
143710 122507
835594 635629
756145 344146
426497 532364
433699 556685
223636 230950
578631 443698
380817 821119
413969 220010
511232 189431
782125 494700
358216 311725
838267 507943
631297 822463
871339 520281
311703 288173
599666 599421
227159 998684
55462 64801
456217 805686
651644 599125
152715 136814
493211 496128
585878 993633
327004 59916
459630 52312
331937 485057
681723 499178
767695 963824
576415 589887
208169 426053
898084 733551
777098 318144
647043 802120
214847 875837
350227 653998
805439 823727
587149 428317
535879 259819
803384 73611
779286 884768
901557 706025
636802 404453
691753 57159
307830 453355
655426 533783
256649 485010
724136 219401
135355 624407
699906 45334
790862 471402
360994 45785
659327 142109
530318 182935
721440 508857
465964 919263
980883 520939
432329 989453
183844 79836
646342 577960
607620 790942
842655 47915
555486 405121
547609 709601
180952 80710
278920 915817
315944 5803
56186 669721
243920 462565
301700 971903
731256 79020
560102 545731
988134 317296
256157 340520
205084 348905
577094 3761
748878 682572
381418 284832
308350 930713
543466 281306
250870 681489
775560 536294
747233 208261
769359 190100
918599 323274
8673 811642
74275 648649
527515 820825
11171 367283
880806 869727
872956 485137
638237 964486
519655 67321
571158 73114
576443 536861
515856 633751
685096 33917
952759 930928
102413 586364
90070 520812
229367 246737
80985 514987
488439 814740
481342 804103
694175 83896
732056 687190
266329 664
915072 292555
468451 665450
324632 909116
320746 388048
230397 954686
777410 278861
863497 17836
318720 165716
135233 310663
689525 884284
740514 824311
833735 369617
929923 863536
430317 803972
717223 996080
168966 823554
949985 365156
588631 958561
178468 797738
617504 721143
641318 206386
795289 395717
850993 304317
782606 154769
474374 767367
675924 947217
213550 264578
323751 807427
651870 664440
616737 261722
224838 341457
638489 885650
146102 525301
669206 23524
335405 553225
821487 41686
271616 638486
32768 149290
725156 26632
82571 276662
287064 823698
280744 731796
198513 392750
699818 449455
242243 256130
976912 575230
753257 625503
538597 150221
437554 781346
824885 347511
414632 916285
222636 162736
455358 982032
579596 584063
438869 639665
79818 91656
690603 609611
893318 659783
625249 250786
743654 28185
711911 96244
757646 36788
295558 343547
325437 501112
870089 167056
208839 751517
266505 229353
813995 507979
151252 190467
221456 611464
522297 136667
424097 724939
718131 299221
123009 732976
767856 214976
797997 144901
856124 656433
509805 997953
418767 619211
633719 588052
350191 249313
486496 72986
142531 477234
487615 453609
781878 410899
278497 628169
402564 751594
616290 846659
81444 263766
452142 3282
583698 499820
11284 767798
61816 965725
809092 42088
615736 362227
764133 468072
853593 525306
779477 826098
315275 173307
792702 803663
29720 502308
320209 645639
965098 7875
967138 475572
584243 468593
328096 218417
856893 607307
688431 218098
916814 317020
560548 735277
834999 741719
552284 333878
900409 287487
83130 555753
504469 807337
801595 722368
207919 267673
269559 548805
712926 84362
520950 904097
156562 823306
370988 607058
600674 12481
267539 516795
904946 231378
112291 664725
283262 880281
844593 940227
842501 894357
507041 300036
400212 73439
760009 414402
6061 298456
285348 447751
520469 691234
6256 192271
735863 808644
53221 584888
296952 532785
49873 866582
92376 232610
534741 571875
340481 732704
650038 117267
933808 509022
54560 164614
377917 626946
557694 843927
941512 951236
99246 962322
338114 34159
71589 103234
671189 892997
625439 567399
394737 228032
941312 396294
710516 396018
323532 223963
394742 218190
251712 14570
860078 341695
290699 103731
859396 203190
466988 38020
604019 936705
163753 697832
752922 419223
228073 607613
490336 774704
801775 605476
129410 853329
430707 73233
632059 576613
71711 962050
724302 184391
26915 432140
822643 778205
869173 133264
349340 650718
570984 879821
540450 138931
189416 202767
983761 527867
44432 443910
190093 577513
756904 742193
986399 777224
645118 361657
63712 993247
114655 954778
168640 912368
